rgb = [17.77188328912467, 25.9946949602122, 29.44297082228117, 35.54376657824934, 38.9920424403183, 40.58355437665782, 45.358090185676396, 46.684350132625994, 48.80636604774536, 53.05039787798408, 53.05039787798408, 56.23342175066313, 57.824933687002655, 62.3342175066313, 63.12997347480106, 61.80371352785146, 65.25198938992042, 66.84350132625995, 69.76127320954907, 70.55702917771883, 72.41379310344827, 72.94429708222812, 71.61803713527851, 73.20954907161804, 74.53580901856763, 72.41379310344827, 74.0053050397878, 78.77984084880637, 78.77984084880637, 80.37135278514589, 82.49336870026525, 81.16710875331565, 83.55437665782493, 85.14588859416446, 82.49336870026525, 82.49336870026525, 87.79840848806366, 88.06366047745358, 86.73740053050398, 87.26790450928382, 87.0026525198939, 86.20689655172414, 89.65517241379311, 90.18567639257294, 91.77718832891247, 92.3076923076923, 93.36870026525199, 92.04244031830238, 94.16445623342175, 92.83819628647215, 93.89920424403184, 94.42970822281167, 93.10344827586206, 95.49071618037135, 95.49071618037135, 94.6949602122016, 95.75596816976127, 96.28647214854111, 97.87798408488064, 95.49071618037135, 97.08222811671088, 94.96021220159152, 97.34748010610079, 97.61273209549071, 98.40848806366047, 97.87798408488064, 97.61273209549071, 98.40848806366047, 98.14323607427056, 98.6737400530504, 98.14323607427056, 98.40848806366047, 98.6737400530504, 98.6737400530504, 98.93899204244032]
ir = [16.71087533156499, 25.72944297082228, 31.56498673740053, 35.278514588859416, 37.40053050397878, 40.58355437665782, 40.84880636604775, 45.358090185676396, 47.48010610079576, 44.56233421750663, 47.48010610079576, 50.6631299734748, 50.6631299734748, 54.641909814323604, 52.785145888594165, 55.43766578249337, 56.23342175066313, 57.55968169761273, 61.273209549071616, 59.41644562334218, 64.45623342175067, 62.3342175066313, 64.19098143236074, 64.19098143236074, 68.16976127320955, 68.16976127320955, 69.23076923076923, 71.08753315649868, 71.35278514588859, 71.61803713527851, 74.27055702917772, 74.80106100795756, 77.71883289124668, 73.47480106100795, 77.45358090185677, 79.3103448275862, 78.77984084880637, 80.37135278514589, 78.51458885941645, 81.6976127320955, 82.75862068965517, 82.75862068965517, 83.0238726790451, 84.88063660477454, 84.88063660477454, 88.3289124668435, 90.45092838196287, 86.73740053050398, 89.65517241379311, 87.79840848806366, 89.38992042440319, 88.3289124668435, 87.26790450928382, 88.3289124668435, 91.77718832891247, 90.71618037135279, 88.85941644562334, 89.92042440318302, 91.24668435013263, 92.57294429708223, 90.9814323607427, 92.04244031830238, 94.16445623342175, 94.42970822281167, 94.42970822281167, 94.96021220159152, 94.6949602122016, 92.3076923076923, 95.49071618037135, 96.0212201591512, 95.75596816976127, 96.55172413793103, 96.55172413793103, 97.08222811671088, 96.28647214854111]